labels 1 2 3 4 5
1 0.910708 0.036038 0.0156937 0.0165185 0.0210415
1 0.84696 0.0689984 0.0152106 0.0213314 0.0474996
1 0.827644 0.142817 0.00779366 0.00757958 0.0141657
1 0.917944 0.0378394 0.0159156 0.0139146 0.0143866
1 0.918246 0.0403816 0.0152944 0.0148007 0.0112774
1 0.916258 0.0474444 0.0098122 0.0112166 0.0152684
1 0.61565 0.0116169 0.103829 0.248481 0.020424
1 0.92301 0.0475192 0.00967496 0.00985214 0.00994332
1 0.915987 0.0378059 0.0161912 0.0125396 0.0174761
1 0.909366 0.045122 0.0103599 0.0151925 0.0199599
1 0.918012 0.0463379 0.0122101 0.0099258 0.0135145
1 0.916344 0.0452488 0.0130878 0.0126244 0.012695
1 0.943764 0.0451054 0.00362821 0.00281025 0.0046922
1 0.920976 0.0460772 0.0119327 0.0098786 0.011136
1 0.927047 0.0351449 0.0151151 0.0122961 0.0103967
1 0.921613 0.0439457 0.0138799 0.0116172 0.00894438
1 0.744478 0.197996 0.0108795 0.016735 0.0299123
1 0.912922 0.0367247 0.0156745 0.0171566 0.0175223
1 0.923021 0.0477182 0.00923527 0.00890007 0.0111258
1 0.928616 0.047701 0.00834575 0.00480663 0.0105311
1 0.941367 0.0480243 0.00142006 0.0031528 0.0060363
1 0.89495 0.0841725 0.00561717 0.00776235 0.0074977
1 0.952059 0.0221586 0.0069393 0.00790052 0.0109426
1 0.94204 0.0171931 0.0113486 0.0146695 0.0147492
1 0.920682 0.0369437 0.0156251 0.0143991 0.0123498
1 0.919073 0.0462872 0.011512 0.00611203 0.017016
1 0.95555 0.0253248 0.00580165 0.00421258 0.00911126
1 0.939975 0.048139 0.0020981 0.00235065 0.00743756
1 0.917848 0.04491 0.0131708 0.0139565 0.0101145
1 0.935009 0.0440437 0.00683035 0.00544492 0.00867239
1 0.931632 0.0264519 0.0126762 0.0150369 0.014203
1 0.917056 0.0405285 0.0116401 0.019521 0.0112546
1 0.943758 0.0288599 0.00440175 0.0166335 0.00634733
1 0.968959 0.0213167 0.00175891 0.0019502 0.00601495
1 0.959882 0.00934097 0.00102614 0.00660026 0.0231507
1 0.914029 0.0442859 0.0135669 0.0114485 0.0166692
1 0.976405 0.00944074 0.00128747 0.00847496 0.00439218
1 0.915287 0.0406142 0.0155382 0.0134618 0.015099
1 0.914388 0.0447447 0.0133586 0.0116444 0.0158644
1 0.916408 0.0465613 0.0104294 0.00890499 0.0176964
1 0.921609 0.0407418 0.0136832 0.00526345 0.018703
1 0.917638 0.042978 0.0147604 0.0106994 0.0139245
1 0.921869 0.0380393 0.0158522 0.00931111 0.0149287
1 0.95702 0.0204197 0.00430848 0.0123049 0.00594686
1 0.922698 0.045378 0.0124287 0.0106537 0.00884209
1 0.947082 0.0161716 0.0119395 0.00901393 0.0157933
1 0.954692 0.00990867 0.00516701 0.0174529 0.0127795
1 0.955053 0.0132202 0.00673411 0.0149612 0.0100319
1 0.937922 0.047832 0.0033356 0.0056333 0.00527709
1 0.938887 0.0316583 0.00739835 0.00710589 0.01495
1 0.922074 0.0469668 0.00911767 0.0147562 0.00708534
1 0.559971 0.0528351 0.0655093 0.191812 0.129872
1 0.935664 0.0260682 0.00314595 0.00960062 0.0255209
1 0.933356 0.0316263 0.00702974 0.011295 0.0166929
1 0.919606 0.0430919 0.00305517 0.00847174 0.0257754
1 0.911729 0.0445468 0.0113633 0.0173931 0.0149676
1 0.929008 0.0214378 0.00875185 0.0144426 0.0263594
1 0.921769 0.0458195 0.0123737 0.0102053 0.00983252
1 0.919418 0.0463635 0.0118412 0.0114615 0.010916
1 0.916202 0.045084 0.0106979 0.00798262 0.0200333
1 0.916322 0.0186437 0.00879735 0.0149534 0.0412838
1 0.908347 0.0236555 0.00641118 0.0131673 0.0484189
1 0.920617 0.0469736 0.0108609 0.0102907 0.011258
1 0.926148 0.0231987 0.0104578 0.0151817 0.025014
1 0.877589 0.0508139 0.00831873 0.0195989 0.0436794
1 0.860482 0.020669 0.00457182 0.0130901 0.101187
1 0.920153 0.0462665 0.005253 0.00599973 0.0223281
1 0.922302 0.0462686 0.0119085 0.0106816 0.00883963
1 0.910458 0.0418263 0.00606606 0.0216672 0.0199828
1 0.644027 0.0262516 0.0234032 0.0383636 0.267954
1 0.930214 0.0474279 0.0069329 0.00850313 0.00692155
1 0.39597 0.0155224 0.0157911 0.26404 0.308676
1 0.776618 0.0427981 0.0127767 0.0139442 0.153863
1 0.91439 0.0467544 0.00932299 0.0161471 0.0133857
1 0.83253 0.102839 0.016059 0.0366956 0.0118764
1 0.926869 0.0466651 0.0091327 0.00930771 0.00802535
1 0.915419 0.0393339 0.0156657 0.0153193 0.0142626
1 0.886419 0.0750142 0.0108683 0.0065776 0.0211208
1 0.91943 0.0408486 0.013514 0.0141892 0.0120177
1 0.915002 0.04185 0.0149941 0.0147853 0.0133689
1 0.921086 0.0473677 0.0103177 0.0109431 0.0102858
1 0.92469 0.0298198 0.0151712 0.0193731 0.0109462
1 0.922552 0.0250242 0.0150831 0.0144149 0.0229256
1 0.937268 0.0433632 0.00703852 0.00662349 0.00570706
1 0.919458 0.034104 0.0124539 0.0227091 0.0112751
1 0.920165 0.0471324 0.0107365 0.0110862 0.01088
1 0.970432 0.0170589 0.000467227 0.00156572 0.0104761
1 0.917449 0.0593325 0.0069986 0.00756261 0.00865702
1 0.915964 0.0350577 0.016034 0.0155187 0.0174256
1 0.916935 0.04267 0.0139551 0.0151573 0.0112826
1 0.53178 0.346392 0.00644059 0.0301021 0.0852853
1 0.923838 0.0388398 0.0149993 0.0161982 0.00612425
1 0.925235 0.0476968 0.0092145 0.00909871 0.00875539
1 0.731182 0.250112 0.00351642 0.00492743 0.0102622
1 0.918503 0.0266388 0.0140564 0.0219774 0.0188248
1 0.923392 0.0483571 0.00594605 0.00932476 0.0129799
1 0.916011 0.0483437 0.0132375 0.0127809 0.00962679
1 0.885582 0.0768265 0.00945532 0.00962284 0.0185134
1 0.519072 0.432578 0.00699515 0.00896049 0.032394
1 0.919136 0.0467934 0.00321166 0.00901687 0.0218416
1 0.94062 0.0480122 0.00237981 0.00546147 0.00352619
1 0.969955 0.0213601 0.00171179 0.00480961 0.00216367
1 0.925158 0.048265 0.0048669 0.0109342 0.0107756
1 0.91103 0.0390299 0.0131974 0.0200728 0.0166696
1 0.917042 0.0430366 0.014648 0.0139426 0.0113313
1 0.921401 0.0480091 0.00847077 0.00884861 0.0132707
1 0.913675 0.0458045 0.00757874 0.0180135 0.0149283
1 0.927223 0.0467227 0.0041007 0.0169936 0.00495984
1 0.933598 0.0481862 0.00513517 0.00614649 0.00693401
1 0.933794 0.0210516 0.00899525 0.0102559 0.025903
1 0.917736 0.0477174 0.00636297 0.00977604 0.0184077
1 0.914939 0.045244 0.00969291 0.0187504 0.0113737
1 0.871467 0.0231432 0.0319327 0.0336499 0.0398067
1 0.864937 0.0361959 0.0516485 0.0338715 0.0133468
1 0.933581 0.0246744 0.0142799 0.00883571 0.0186292
1 0.894047 0.0135363 0.0424507 0.037311 0.0126554
1 0.917414 0.0487162 0.0103547 0.0130768 0.0104382
1 0.916858 0.0430007 0.0146539 0.0130694 0.012418
1 0.918729 0.0466757 0.0114761 0.0118619 0.0112578
1 0.917651 0.0467665 0.0112317 0.0114046 0.0129461
1 0.924166 0.0345101 0.0154151 0.0134228 0.0124857
1 0.915106 0.0438273 0.0140899 0.0134338 0.0135433
1 0.92769 0.0443907 0.0126974 0.00862153 0.00660002
1 0.920644 0.0264186 0.0119569 0.012571 0.0284095
1 0.91911 0.0478415 0.0089268 0.0111014 0.01302
1 0.920625 0.0257365 0.014347 0.0172733 0.0220178
2 0.0402901 0.935881 0.0104554 0.00686638 0.00650721
2 0.0179023 0.934626 0.0171013 0.0142439 0.0161261
2 0.0138704 0.942703 0.0167861 0.0118412 0.0147994
2 0.0572315 0.919046 0.0060227 0.00454373 0.0131564
2 0.040366 0.935738 0.00773063 0.00716828 0.00899711
2 0.0520836 0.930211 0.00672743 0.0057404 0.00523773
2 0.0395567 0.933726 0.0100242 0.0084398 0.00825281
2 0.0890347 0.884909 0.00994177 0.00679186 0.00932277
2 0.0400307 0.937161 0.00694061 0.00713752 0.00872992
2 0.0394809 0.935076 0.00958377 0.00849463 0.00736521
2 0.0395478 0.931017 0.0101621 0.00876062 0.0105126
2 0.0395077 0.935853 0.00788547 0.00720335 0.00955011
2 0.0368171 0.928685 0.0160238 0.0102639 0.00820998
2 0.0101936 0.984998 0.00131877 0.00203815 0.00145121
2 0.0336952 0.936575 0.0175375 0.00502628 0.00716571
2 0.0187931 0.96623 0.00514413 0.00480489 0.00502739
2 0.0395324 0.936867 0.00771844 0.00403024 0.011852
2 0.0371366 0.926228 0.0152983 0.0116221 0.00971498
2 0.00767053 0.984733 0.00300995 0.00278384 0.00180304
2 0.0394576 0.934245 0.0101803 0.00849189 0.00762554
2 0.0258695 0.824075 0.00451957 0.0107892 0.134747
2 0.0145755 0.96865 0.00794937 0.00367417 0.00515132
2 0.0387146 0.928737 0.0132425 0.0101444 0.00916187
2 0.0281691 0.92838 0.00734956 0.00599362 0.0301076
2 0.0395147 0.934276 0.00522585 0.00814115 0.012842
2 0.0393369 0.937091 0.00949998 0.0072852 0.00678729
2 0.0394535 0.935275 0.00482922 0.00832202 0.0121202
2 0.0161098 0.977239 0.00236787 0.00235473 0.00192856
2 0.0368662 0.928207 0.016066 0.0103301 0.00853082
2 0.0391314 0.927308 0.00943239 0.00904628 0.0150824
2 0.0394296 0.941177 0.00436072 0.00637247 0.00866043
2 0.0395792 0.94285 0.00781128 0.00351735 0.00624248
2 0.0304658 0.932081 0.0184465 0.00734527 0.0116618
2 0.0148367 0.976766 0.00378318 0.00368075 0.000933314
2 0.0206975 0.956218 0.0109707 0.0075129 0.004601
2 0.0385887 0.934184 0.012995 0.009783 0.00444899
2 0.0389779 0.935144 0.0123952 0.00829576 0.0051872
2 0.0379518 0.926822 0.0146205 0.0101942 0.0104114
2 0.039055 0.952253 0.00236575 0.00282558 0.0035006
2 0.0204312 0.977258 0.000728956 0.000761044 0.00082033
2 0.0399542 0.941904 0.00850003 0.00746643 0.00217487
2 0.0280636 0.950543 0.00518434 0.00174339 0.0144652
2 0.0421429 0.92293 0.00735802 0.00572653 0.0218423
2 0.039945 0.938456 0.00774612 0.00696136 0.0068911
2 0.0395195 0.935281 0.00907989 0.00721842 0.00890092
2 0.086829 0.893033 0.00785583 0.00592783 0.00635466
2 0.0967667 0.877294 0.00849895 0.00630392 0.011136
2 0.0525254 0.887072 0.00641612 0.0281642 0.0258223
2 0.110974 0.581425 0.0160957 0.012876 0.27863
2 0.0287068 0.938017 0.0179799 0.0087293 0.00656699
2 0.0254295 0.935426 0.00742258 0.00524831 0.0264735
2 0.0220829 0.93626 0.0159632 0.0167668 0.00892673
2 0.0301317 0.926997 0.00587952 0.0168641 0.0201272
2 0.0111661 0.952097 0.0153703 0.0126517 0.00871466
2 0.0112821 0.514753 0.0403938 0.0457604 0.387811
2 0.0197902 0.939562 0.0164969 0.0144041 0.00974691
2 0.00485164 0.959085 0.014362 0.0124141 0.00928769
5 0.0133623 0.0835677 0.0291915 0.433502 0.440376
2 0.038863 0.930718 0.0146546 0.00999067 0.00577366
2 0.00743939 0.957516 0.0107105 0.0139787 0.0103551
2 0.0460257 0.901888 0.0159789 0.0144231 0.0216841
2 0.00540649 0.957397 0.0137787 0.0135357 0.00988196
2 0.0376175 0.931324 0.0151112 0.00971959 0.00622785
2 0.0399889 0.938464 0.00738528 0.00808223 0.00607951
2 0.036301 0.925991 0.00699774 0.0130478 0.0176621
2 0.0203179 0.967686 0.00395453 0.00579347 0.00224835
2 0.0015994 0.980054 0.0035217 0.0114244 0.00340018
2 0.222768 0.69068 0.0178467 0.0202321 0.0484739
2 0.0343757 0.9331 0.0155231 0.00972819 0.00727289
2 0.040314 0.936658 0.00840836 0.00738668 0.00723289
2 0.0394416 0.93327 0.00898178 0.0102583 0.00804834
2 0.0909234 0.883207 0.00875538 0.0091695 0.00794465
4 0.0150031 0.407437 0.0299401 0.517509 0.030111
2 0.0118143 0.917869 0.0449387 0.0140768 0.011301
2 0.0347381 0.523803 0.0523517 0.0581886 0.330918
2 0.0219663 0.95864 0.0093281 0.00508719 0.00497842
2 0.0180726 0.941449 0.015755 0.0148429 0.00988049
2 0.0380809 0.926724 0.0143015 0.0108266 0.0100669
2 0.01954 0.936664 0.014641 0.0138745 0.0152802
2 0.0390106 0.928428 0.0117265 0.00987975 0.0109549
2 0.0375081 0.941458 0.0104151 0.00333704 0.00728136
2 0.034805 0.930237 0.0174259 0.0100967 0.00743556
2 0.0287821 0.934975 0.0182528 0.00789637 0.010094
1 0.605627 0.329935 0.00712114 0.0202087 0.0371084
2 0.0389367 0.955214 0.00264348 0.00174916 0.00145673
2 0.128569 0.501027 0.0861416 0.192742 0.0915201
2 0.0342367 0.944628 0.00794663 0.00631572 0.00687257
2 0.0382124 0.930391 0.0145162 0.00932065 0.00755938
2 0.0181602 0.941797 0.0165379 0.0101912 0.0133134
2 0.0395835 0.935745 0.00981069 0.00762252 0.00723849
2 0.0213437 0.931585 0.0170855 0.0156884 0.0142978
2 0.0190592 0.940293 0.0164307 0.0132148 0.0110026
2 0.0351949 0.940747 0.0124144 0.00802314 0.00362048
2 0.0419279 0.812494 0.0203937 0.0136051 0.111579
2 0.00863425 0.964121 0.00998572 0.0128753 0.00438342
2 0.0248918 0.941798 0.0169951 0.00873382 0.00758176
2 0.0110212 0.955779 0.0147029 0.0124497 0.00604709
2 0.0324211 0.924719 0.0176699 0.0134129 0.0117776
2 0.0358378 0.927514 0.0165784 0.0115352 0.00853418
2 0.0342093 0.925438 0.0116339 0.00904779 0.0196715
2 0.0225755 0.855726 0.0155413 0.0460572 0.0600998
2 0.0249619 0.946708 0.0141525 0.00947972 0.0046976
2 0.0290694 0.945652 0.0102106 0.00951005 0.00555801
2 0.0288893 0.948339 0.00527047 0.01286 0.00464098
2 0.0184271 0.941068 0.0165181 0.0117264 0.0122607
2 0.0188132 0.941267 0.0157524 0.00786303 0.0163039
2 0.0234384 0.930994 0.0166731 0.0169507 0.0119435
2 0.0280923 0.947602 0.00667389 0.00464985 0.012982
2 0.0399343 0.940589 0.00879293 0.00446768 0.00621594
2 0.0376157 0.924843 0.0144323 0.0113566 0.0117529
2 0.0268779 0.932712 0.01779 0.0144809 0.0081388
2 0.0193098 0.952741 0.0159937 0.00915515 0.00279992
2 0.0404571 0.935857 0.00919804 0.00759786 0.00689051
2 0.0287745 0.927919 0.0186447 0.0102158 0.0144462
2 0.0390558 0.948245 0.00419834 0.00514081 0.0033601
2 0.00831284 0.950758 0.0142603 0.0121547 0.0145146
2 0.04876 0.924509 0.0144225 0.00763457 0.00467427
2 0.0395699 0.933869 0.00960081 0.00864478 0.00831509
2 0.0229934 0.967577 0.00287749 0.00382983 0.0027224
2 0.0674568 0.912565 0.00691772 0.00690903 0.00615132
2 0.140149 0.840557 0.00535987 0.00377817 0.0101558
2 0.0243133 0.933739 0.0179091 0.0145711 0.0094676
2 0.0395275 0.940382 0.00685816 0.00518569 0.0080469
2 0.0393283 0.93019 0.0114961 0.00957262 0.00941246
2 0.0390324 0.929391 0.0120573 0.0104956 0.00902342
2 0.0388004 0.92838 0.0132205 0.0100802 0.00951907
3 0.0210497 0.01003 0.655593 0.0728073 0.24052
3 0.0323764 0.03554 0.826628 0.0615976 0.0438578
3 0.0127113 0.0053002 0.662685 0.290279 0.0290241
3 0.0395135 0.0341585 0.796309 0.0976547 0.0323646
3 0.00944207 0.0100658 0.800829 0.166176 0.0134875
3 0.02871 0.0121227 0.786707 0.115249 0.0572116
3 0.0352497 0.0269115 0.775348 0.130094 0.0323965
3 0.0217205 0.0178216 0.777352 0.154962 0.028143
3 0.0129942 0.00942687 0.73028 0.217093 0.030206
3 0.029239 0.00932864 0.784579 0.150662 0.0261909
3 0.0300172 0.0368722 0.775076 0.1197 0.0383346
3 0.0188569 0.0136178 0.774576 0.158613 0.0343367
3 0.0220187 0.019835 0.778494 0.154116 0.0255359
3 0.0371299 0.0248477 0.792016 0.094144 0.0518624
3 0.00175006 0.00146725 0.813369 0.170134 0.0132796
3 0.00392924 0.00488596 0.747516 0.150878 0.092791
3 0.0130756 0.0380241 0.792203 0.138311 0.018386
3 0.0277886 0.0359994 0.777507 0.127885 0.0308205
3 0.0333741 0.0334535 0.776422 0.128067 0.0286839
3 0.00719137 0.00457145 0.641671 0.321264 0.0253025
3 0.0303601 0.0370273 0.784995 0.128446 0.0191714
3 0.00256141 0.00270233 0.810993 0.169654 0.0140891
3 0.0284237 0.0396973 0.810656 0.0937177 0.0275048
3 0.0137438 0.00626752 0.788941 0.163482 0.027565
3 0.00424832 0.00452534 0.802127 0.165976 0.0231232
3 0.00148692 0.00581151 0.703737 0.252301 0.0366634
3 0.0150013 0.00924926 0.806354 0.166172 0.00322355
3 0.00596695 0.00477964 0.813647 0.169374 0.00623267
3 0.00118326 0.00105472 0.753698 0.216095 0.0279685
3 0.0100133 0.00640541 0.811707 0.168897 0.00297814
3 0.000685366 0.00109226 0.81313 0.169635 0.0154578
3 0.040065 0.137383 0.666234 0.118139 0.0381797
3 0.0199552 0.013905 0.783312 0.129377 0.0534505
3 0.0261774 0.0332747 0.775776 0.130866 0.0339063
3 0.0103074 0.0071756 0.799997 0.1677 0.0148205
3 0.0232848 0.0107232 0.81582 0.140639 0.0095326
4 0.0013076 0.00235917 0.343819 0.60062 0.0518945
3 0.0207916 0.0215608 0.77325 0.133697 0.0507009
3 0.0143108 0.0106125 0.796048 0.0953503 0.083678
3 0.00328356 0.00210922 0.794278 0.14796 0.0523693
3 0.00530964 0.0093492 0.749688 0.217723 0.0179305
3 0.00569322 0.00480338 0.802022 0.167879 0.0196019
3 0.00199829 0.000253577 0.822339 0.171373 0.00403699
3 0.0138747 0.0118666 0.739573 0.197704 0.0369817
3 0.00557711 0.0092726 0.79484 0.1661 0.02421
3 0.0325595 0.0307721 0.773846 0.120108 0.0427148
3 0.0330449 0.0343416 0.783874 0.110081 0.0386585
3 0.0110124 0.00422119 0.794931 0.162777 0.0270589
3 0.0295806 0.0259355 0.775235 0.144194 0.0250545
3 0.0118081 0.018572 0.776201 0.149433 0.0439866
3 0.0238831 0.0115363 0.788657 0.158844 0.0170789
3 0.0102789 0.0133199 0.781457 0.141765 0.0531786
3 0.00650514 0.0084876 0.547002 0.301291 0.136714
3 0.0129119 0.0132001 0.781729 0.137283 0.0548757
3 0.000918389 0.000522358 0.502013 0.487949 0.00859664
3 0.0124778 0.0223537 0.585423 0.337137 0.0426085
3 0.0673781 0.279061 0.408479 0.189023 0.0560587
3 0.00706608 0.00642245 0.723182 0.0907792 0.172551
3 0.0124412 0.00291925 0.866361 0.0703302 0.0479487
3 0.00962217 0.0079814 0.633986 0.135679 0.212731
3 0.00790964 0.0117353 0.786394 0.138675 0.0552859
3 0.00498202 0.00910314 0.699173 0.195787 0.0909554
3 0.00627549 0.00482236 0.538361 0.429975 0.0205659
3 0.0253385 0.0201363 0.669878 0.0681075 0.216539
3 0.00771427 0.00846018 0.873962 0.0635354 0.0463283
3 0.0774783 0.0186698 0.710465 0.0778675 0.115519
3 0.00941402 0.0116157 0.705069 0.252912 0.0209886
3 0.00121643 0.00135575 0.797317 0.16432 0.0357902
3 0.00292129 0.0019311 0.811908 0.169857 0.0133827
3 0.00630019 0.00699515 0.495661 0.439533 0.0515114
4 0.014632 0.00637738 0.355782 0.49742 0.125789
4 0.00338907 0.00258116 0.402966 0.444818 0.146245
3 0.083924 0.0409833 0.56129 0.188358 0.125445
3 0.00613657 0.00201092 0.810851 0.168843 0.012159
3 0.0100881 0.0264378 0.784907 0.120722 0.0578442
3 0.0368331 0.0171427 0.78884 0.125117 0.0320669
3 0.0397588 0.0312378 0.804759 0.0910393 0.0332053
3 0.0269148 0.0388874 0.805937 0.0933539 0.034907
3 0.00769704 0.0244226 0.821537 0.126844 0.0194989
3 0.00542753 0.0158979 0.812555 0.147189 0.0189301
3 0.0289189 0.0250265 0.771171 0.142285 0.0325987
3 0.000617508 0.000740583 0.800825 0.166657 0.0311601
3 0.0356155 0.0228008 0.778545 0.136819 0.0262205
3 0.0056013 0.00304137 0.81692 0.170348 0.00408903
3 0.00513729 0.00706332 0.793096 0.165397 0.0293071
3 0.00594518 0.0303559 0.778429 0.148324 0.0369454
3 0.0180699 0.0051974 0.804371 0.165252 0.00710979
3 0.0503037 0.0194743 0.818834 0.0672215 0.0441667
3 0.0250591 0.0369477 0.776024 0.132522 0.029447
3 0.0182415 0.00453754 0.747474 0.198968 0.0307796
3 0.0221007 0.0268314 0.791373 0.101423 0.0582715
3 0.00166458 0.0153736 0.788527 0.161106 0.0333292
4 0.00372241 0.00771542 0.363228 0.607372 0.017962
3 0.00120061 0.000912081 0.741197 0.245068 0.0116226
3 0.00410287 0.00292603 0.807069 0.167685 0.0182176
3 0.0131386 0.0482234 0.766122 0.158784 0.0137315
3 0.0348466 0.029394 0.769657 0.103682 0.0624208
3 0.0223603 0.0196904 0.77286 0.150594 0.0344956
3 0.0185721 0.011124 0.797855 0.163479 0.00896968
3 0.0236897 0.139967 0.747375 0.0530061 0.035962
3 0.00770169 0.00405972 0.795817 0.166529 0.0258918
3 0.0128865 0.171666 0.660503 0.137447 0.0174977
3 0.0325115 0.0389112 0.820955 0.082367 0.025255
3 0.020172 0.0327093 0.77636 0.141716 0.0290426
3 0.00663046 0.00810658 0.791162 0.164859 0.0292417
3 0.000666619 0.00129025 0.803759 0.168472 0.0258116
3 0.0140182 0.0106367 0.792302 0.165348 0.0176946
3 0.00303719 0.00492419 0.798989 0.167566 0.0254843
3 0.00266017 0.00219981 0.832512 0.150827 0.0118019
3 0.0178113 0.0059194 0.782891 0.141299 0.052079
3 0.00155922 0.00699122 0.661512 0.315579 0.0143584
3 0.0070664 0.00801601 0.799423 0.167776 0.0177188
3 0.00332573 0.00271234 0.774405 0.195971 0.0235859
3 0.0246213 0.00848172 0.786451 0.158813 0.0216334
3 0.0396328 0.0249221 0.80325 0.104239 0.0279557
3 0.0389488 0.0297336 0.804654 0.100573 0.0260906
3 0.00422092 0.00266574 0.836651 0.145078 0.0113847
3 0.0223264 0.0119838 0.808293 0.142916 0.014481
3 0.028862 0.021102 0.80198 0.0891977 0.0588587
3 0.0224965 0.0169418 0.777961 0.155204 0.027397
3 0.0615392 0.0271836 0.769916 0.0715696 0.0697919
3 0.0320306 0.0358031 0.775411 0.123577 0.0331788
3 0.017438 0.0250453 0.777852 0.154029 0.0256358
3 0.012561 0.0128772 0.78829 0.163932 0.0223408
3 0.0378429 0.0342462 0.815511 0.0925665 0.019833
3 0.00925152 0.0114102 0.676856 0.278794 0.0236881
4 0.0110311 0.0168824 0.0818185 0.826782 0.0634863
4 0.0162172 0.0354623 0.367968 0.495488 0.0848644
4 0.00334431 0.00553278 0.0617171 0.871866 0.0575401
4 0.0210379 0.0143945 0.159584 0.773505 0.0314789
4 0.00240796 0.0021733 0.144039 0.768134 0.0832457
3 0.00377455 0.00459262 0.571948 0.399811 0.019874
4 0.00817986 0.00392864 0.318901 0.646516 0.0224749
4 0.0282264 0.0127334 0.109268 0.781228 0.068544
4 0.0474589 0.0160799 0.127321 0.791215 0.0179258
4 0.0352925 0.0159386 0.145934 0.764633 0.0382024
4 0.0012225 0.000766897 0.166156 0.815635 0.0162195
4 0.0280294 0.0137735 0.152577 0.769392 0.0362284
4 0.0164817 0.0128185 0.110942 0.790797 0.0689616
4 0.00385418 0.00174509 0.252031 0.70854 0.0338299
4 0.0088119 0.00697929 0.280207 0.678562 0.0254397
4 0.00821149 0.0190392 0.315808 0.535585 0.121357
4 0.00884029 0.00608269 0.250576 0.71791 0.0165911
4 0.0309611 0.0427854 0.0969213 0.802618 0.0267143
4 0.00979275 0.00148523 0.165657 0.795247 0.0278176
4 0.00489251 0.00183932 0.244703 0.687964 0.0606017
3 0.00989735 0.0985972 0.442626 0.424897 0.0239827
4 0.0102241 0.00916273 0.151806 0.776052 0.0527557
3 0.00502859 0.00375197 0.679058 0.300775 0.0113873
4 0.21069 0.0189279 0.113672 0.555683 0.101026
4 0.0109151 0.00570154 0.146199 0.802065 0.0351192
4 0.0370209 0.00956064 0.167898 0.737554 0.0479673
4 0.00923162 0.00674903 0.166353 0.796761 0.0209054
4 0.01276 0.0141648 0.164851 0.787572 0.0206518
3 0.00447587 0.007408 0.508938 0.457847 0.0213311
4 0.00452257 0.0015482 0.464094 0.519798 0.0100373
4 0.0106772 0.0408967 0.134725 0.78479 0.0289113
4 0.00294197 0.00330391 0.168847 0.816436 0.00847153
4 0.0159939 0.0260884 0.0800977 0.771689 0.106131
4 0.00770653 0.00815937 0.0898409 0.829911 0.0643824
4 0.0254348 0.00981015 0.0705459 0.615771 0.278438
4 0.0133249 0.0105466 0.112038 0.795127 0.068964
3 0.00112542 0.00128082 0.566565 0.412658 0.018371
4 0.0017911 0.00214893 0.161983 0.789555 0.0445218
4 0.00655167 0.0156767 0.16498 0.789116 0.0236756
4 0.000692141 0.000900762 0.260102 0.715005 0.0233002
4 0.00240206 0.0222552 0.174275 0.784885 0.0161822
4 0.00512348 0.0142437 0.162001 0.782056 0.0365755
4 0.00270411 0.000760853 0.167395 0.800407 0.0287322
4 0.00511896 0.00784025 0.0899639 0.832717 0.0643598
3 0.0223235 0.00636347 0.479136 0.475059 0.0171184
4 0.0195006 0.038634 0.106691 0.772876 0.0622981
4 0.0100222 0.012287 0.0871908 0.823475 0.0670253
4 0.020175 0.0186202 0.303293 0.588032 0.0698805
3 0.0244241 0.00372166 0.706364 0.193715 0.0717753
1 0.475664 0.0276958 0.0320888 0.418496 0.0460551
4 0.00216928 0.00149907 0.160905 0.791554 0.043872
4 0.0119871 0.011606 0.120544 0.802494 0.0533689
4 0.0287714 0.0209592 0.251999 0.596157 0.102113
4 0.0190898 0.0407171 0.106859 0.774107 0.0592267
4 0.0119993 0.0230694 0.0889501 0.810804 0.0651774
4 0.0062628 0.00867665 0.136681 0.783047 0.0653325
4 0.0046097 0.00573277 0.1572 0.781843 0.0506154
4 0.0321188 0.033283 0.130262 0.631912 0.172424
4 0.000770489 0.000614075 0.105303 0.87896 0.0143527
4 0.00296648 0.00459976 0.0844491 0.846989 0.0609957
4 0.00351621 0.00867922 0.0547253 0.764209 0.16887
4 0.00188049 0.00247202 0.169178 0.818373 0.00809673
4 0.00514304 0.00460744 0.222259 0.729844 0.038147
4 0.0041209 0.0065901 0.153325 0.795566 0.0403979
4 0.00148891 0.00189676 0.166378 0.813618 0.0166185
4 0.00691959 0.0225877 0.0843556 0.751281 0.134856
4 0.0076349 0.00464992 0.0822882 0.741188 0.164239
4 0.0301454 0.0251748 0.0672124 0.745441 0.132026
4 0.00601862 0.0113499 0.0805294 0.750085 0.152017
4 0.00267366 0.010694 0.0530712 0.800306 0.133255
4 0.00387749 0.00648462 0.0387459 0.893537 0.0573545
4 0.0244888 0.0102994 0.118534 0.783947 0.0627307
4 0.0442723 0.0242228 0.242034 0.575515 0.113956
5 0.0111804 0.0240364 0.0135785 0.161501 0.789703
4 0.00407164 0.0109737 0.0878204 0.833122 0.0640126
4 0.0052875 0.00672333 0.162336 0.784171 0.0414822
4 0.014946 0.0109652 0.16374 0.783266 0.0270833
4 0.00741558 0.0348356 0.178307 0.754917 0.0245256
4 0.0429123 0.0128379 0.130895 0.769905 0.0434499
4 0.0161659 0.0115135 0.163157 0.782029 0.0271351
4 0.0163398 0.012633 0.158143 0.772257 0.0406269
4 0.0252311 0.0125942 0.165075 0.773082 0.0240176
4 0.0010798 0.000953836 0.157998 0.814264 0.0257041
4 0.00909081 0.00454952 0.231666 0.733803 0.0208909
4 0.00809062 0.00599706 0.166239 0.794771 0.0249022
4 0.00403131 0.00385268 0.148662 0.836847 0.00660762
4 0.026046 0.010936 0.095335 0.799099 0.0685842
4 0.004645 0.00416034 0.126181 0.850256 0.0147576
4 0.00850007 0.00650108 0.164658 0.792961 0.0273796
4 0.00380202 0.00195915 0.257842 0.704507 0.0318904
4 0.00654817 0.00857912 0.162491 0.809812 0.0125703
4 0.0107248 0.00305527 0.166811 0.802573 0.016836
4 0.00987205 0.00716983 0.314458 0.64675 0.0217505
4 0.00288714 0.00712751 0.0923656 0.741575 0.156045
4 0.0143092 0.0234687 0.158269 0.775559 0.0283948
4 0.00548812 0.0115871 0.105018 0.809483 0.0684244
4 0.0258582 0.0290229 0.0691742 0.782816 0.0931288
4 0.0053461 0.0294101 0.0716648 0.70236 0.191219
4 0.0271342 0.0272483 0.122108 0.763013 0.0604962
4 0.00352108 0.0246091 0.263545 0.661769 0.0465565
4 0.0183459 0.0171865 0.108602 0.787135 0.0687306
5 0.0148498 0.0287232 0.0338228 0.427477 0.495127
4 0.0224112 0.038152 0.174893 0.742432 0.0221108
4 0.00740799 0.0193422 0.158175 0.788145 0.0269299
4 0.00472151 0.0377999 0.128696 0.778852 0.0499308
4 0.0150229 0.0384674 0.14247 0.774745 0.0292945
4 0.010441 0.01195 0.165126 0.78876 0.0237231
4 0.00576408 0.0414932 0.134214 0.791508 0.0270207
4 0.00804216 0.0118664 0.14447 0.775669 0.0599522
4 0.0148221 0.0140256 0.114296 0.802271 0.0545855
3 0.00248181 0.00120298 0.59203 0.387928 0.0163575
4 0.0254318 0.0539198 0.0393091 0.455548 0.425791
4 0.0104151 0.0169254 0.100339 0.510814 0.361506
4 0.060294 0.0161185 0.0403292 0.638669 0.244589
4 0.0104503 0.00364203 0.123838 0.793731 0.0683388
4 0.0132897 0.0112637 0.201294 0.52606 0.248092
4 0.00877219 0.0170668 0.169649 0.743363 0.0611491
4 0.00845962 0.00243784 0.2584 0.701431 0.0292715
4 0.0239318 0.0171971 0.203842 0.729685 0.0253441
4 0.0492879 0.0264659 0.158617 0.746825 0.0188042
4 0.00811118 0.00626791 0.163573 0.785309 0.0367387
4 0.0100522 0.00804262 0.165722 0.791572 0.0246113
4 0.00709434 0.00219678 0.122438 0.7956 0.0726708
4 0.0215179 0.00855919 0.131204 0.773758 0.0649604
4 0.0091475 0.00785094 0.156664 0.777816 0.0485213
4 0.0171375 0.0150349 0.303701 0.63839 0.0257366
5 0.0139783 0.0465527 0.0286711 0.0494032 0.861395
5 0.0339526 0.0220894 0.0426553 0.0365743 0.864728
5 0.00506547 0.00513078 0.0362985 0.0623148 0.89119
5 0.0246417 0.0119909 0.0294698 0.0366606 0.897237
5 0.00829241 0.00266382 0.0289573 0.0351476 0.924939
5 0.0362773 0.019688 0.0332567 0.0301348 0.880643
5 0.0132259 0.0104784 0.0279198 0.0619569 0.886419
5 0.0214497 0.0146815 0.0494363 0.0515205 0.862912
5 0.0155435 0.010347 0.0479286 0.0573582 0.868823
5 0.016078 0.0133817 0.0766113 0.0472905 0.846638
5 0.0356364 0.0176893 0.0410341 0.0441818 0.861458
5 0.0107368 0.00423024 0.0717357 0.0559272 0.85737
5 0.0176844 0.00659784 0.0104177 0.0653446 0.899955
5 0.0107461 0.0409435 0.0775227 0.0312876 0.8395
5 0.0260109 0.0327867 0.0398082 0.0375463 0.863848
5 0.025711 0.0190997 0.0496855 0.0333338 0.87217
5 0.0247402 0.00175402 0.00423793 0.0108468 0.958421
5 0.0109649 0.0259158 0.0403276 0.0648071 0.857985
5 0.020862 0.0186261 0.0501431 0.0406663 0.869702
5 0.0767261 0.0119439 0.0380132 0.0242074 0.849109
5 0.00338511 0.00287611 0.0247582 0.0617976 0.907183
5 0.0191964 0.0100946 0.0498743 0.0434712 0.877364
5 0.145048 0.253748 0.092093 0.138628 0.370483
5 0.00859875 0.0128058 0.0303001 0.0791921 0.869103
5 0.00737143 0.012352 0.0108847 0.0252751 0.944117
5 0.0067297 0.0136004 0.0382671 0.161024 0.780379
5 0.037181 0.00851203 0.0346543 0.0457751 0.873878
5 0.00163684 0.00483498 0.0167715 0.0621998 0.914557
5 0.00403526 0.00204094 0.0251073 0.0413372 0.927479
5 0.0089235 0.0149385 0.0318649 0.187198 0.757075
5 0.0311513 0.0311217 0.0365051 0.0449385 0.856283
5 0.0333504 0.00779893 0.0338619 0.0565375 0.868451
5 0.0342819 0.0287372 0.0383506 0.0296405 0.86899
5 0.00239106 0.00125305 0.0648285 0.0632953 0.868232
5 0.00369223 0.005631 0.032342 0.0670484 0.891286
5 0.0392087 0.336289 0.0112127 0.0179751 0.595314
5 0.0362664 0.010728 0.0373174 0.0408792 0.874809
5 0.00127241 0.00195287 0.0482319 0.0917886 0.856754
5 0.023948 0.0296827 0.0257436 0.00934704 0.911279
5 0.0321733 0.0285142 0.0340388 0.0382871 0.866987
5 0.00997805 0.0111237 0.137747 0.0586696 0.782481
5 0.0142689 0.0267345 0.0332845 0.0530122 0.8727
5 0.0204442 0.0159061 0.0477587 0.0540981 0.861793
5 0.0244482 0.0311437 0.00824555 0.0529335 0.883229
5 0.00924532 0.00849721 0.25897 0.116323 0.606965
5 0.00670538 0.00324419 0.0164239 0.0116754 0.961951
1 0.780473 0.00982393 0.0041564 0.0153195 0.190227
5 0.052822 0.00990677 0.0240547 0.0374002 0.875816
5 0.0195978 0.031367 0.0252197 0.0550192 0.868796
5 0.0134348 0.0138692 0.061378 0.189546 0.721772
5 0.010459 0.0116607 0.0556035 0.19643 0.725847
5 0.0166535 0.0171007 0.0331304 0.0644923 0.868623
5 0.00215868 0.00239547 0.0669926 0.0440339 0.884419
5 0.00686271 0.0194502 0.0490239 0.205259 0.719404
5 0.0335326 0.0290481 0.0148034 0.033157 0.889459
5 0.0102467 0.0124284 0.0226846 0.0919514 0.862689
5 0.00352614 0.00763414 0.0101024 0.0649234 0.913814
5 0.00836527 0.0101746 0.0461927 0.145846 0.789421
5 0.0069582 0.00976889 0.0408597 0.0319403 0.910473
5 0.00805247 0.0208827 0.0441392 0.145315 0.78161
5 0.00757591 0.0127269 0.017137 0.0638156 0.898745
5 0.0147311 0.0343606 0.0345932 0.0505405 0.865775
5 0.00267732 0.00368385 0.0119693 0.0646751 0.916994
5 0.0214094 0.0119147 0.0241736 0.0699516 0.872551
5 0.00205455 0.00450097 0.00518574 0.0326133 0.955645
5 0.0138551 0.0273174 0.0071867 0.0408348 0.910806
5 0.0112345 0.0117624 0.0343442 0.0834337 0.859225
5 0.0287954 0.0113632 0.0407205 0.0603092 0.858812
5 0.0127592 0.0233641 0.0516054 0.251853 0.660419
5 0.0361046 0.0668971 0.0198035 0.0597398 0.817455
5 0.0200513 0.00950138 0.0463429 0.0288083 0.895296
5 0.00776026 0.0232962 0.0294139 0.270129 0.669401
5 0.0098858 0.00379126 0.0181373 0.0988936 0.869292
5 0.0052578 0.0112248 0.0492673 0.106853 0.827397
5 0.0186797 0.0110193 0.0340641 0.0733993 0.862838
5 0.0341781 0.0158612 0.0301608 0.0238446 0.895955
5 0.0248961 0.0147235 0.0309175 0.0648957 0.864567
5 0.0084932 0.00787716 0.0561056 0.222572 0.704952
5 0.00849244 0.0393812 0.0680052 0.0467666 0.837355
5 0.00835854 0.00410918 0.0247692 0.115094 0.847669
5 0.0049791 0.00153095 0.0200407 0.0651272 0.908322
5 0.0307889 0.0153854 0.0354359 0.0612725 0.857117
5 0.0127076 0.00921714 0.295114 0.146809 0.536152
5 0.0361794 0.0258866 0.034283 0.0351926 0.868458
5 0.0352466 0.0226492 0.025512 0.0356371 0.880955
5 0.0353214 0.0168649 0.0294002 0.034209 0.884205
5 0.00562562 0.0143989 0.0488612 0.0546695 0.876445
5 0.0226087 0.0132259 0.11157 0.0334567 0.819139
3 0.0263814 0.00761235 0.58731 0.0763464 0.30235
5 0.0301685 0.0296322 0.0397411 0.0253508 0.875107
5 0.0243746 0.0184211 0.0289962 0.0637322 0.864476
5 0.00750183 0.0109027 0.0348161 0.048669 0.89811
5 0.00729139 0.00623802 0.0159017 0.0454323 0.925137
5 0.0128523 0.00834756 0.0316187 0.0719021 0.875279
5 0.00807449 0.0113599 0.0211155 0.0641974 0.895253
5 0.019526 0.0307068 0.0226381 0.0590082 0.868121
5 0.00473757 0.00570394 0.0101766 0.0654917 0.91389
5 0.00855989 0.0217111 0.0299914 0.0658046 0.873933
5 0.015811 0.00732322 0.0299733 0.065899 0.880994
5 0.0279717 0.0322596 0.028404 0.0323213 0.879043
5 0.00252124 0.00478731 0.020459 0.0478182 0.924414
5 0.00851966 0.0194967 0.0273533 0.327876 0.616754
5 0.0109503 0.0151982 0.0991063 0.0697523 0.804993
5 0.0490521 0.0197776 0.0297222 0.0366114 0.864837
5 0.00224158 0.00294989 0.0191207 0.0525997 0.923088
5 0.0183664 0.0496243 0.0170567 0.0373828 0.87757
5 0.0134563 0.0214986 0.0414143 0.0627286 0.860902
5 0.0117259 0.0243041 0.00720463 0.0100911 0.946674
5 0.0345307 0.0225809 0.036898 0.0513285 0.854662
5 0.00468303 0.00284748 0.0141354 0.0651524 0.913182
5 0.00791653 0.0183736 0.0395713 0.0618774 0.872261
5 0.0125372 0.00983753 0.173988 0.293171 0.510466
5 0.0365073 0.0172577 0.04089 0.0387782 0.866567
5 0.31726 0.0311327 0.0227618 0.0663675 0.562478
5 0.030193 0.0267111 0.00993341 0.0506536 0.882509
5 0.00918869 0.030936 0.00808665 0.0941545 0.857634
1 0.592294 0.0320295 0.0204259 0.0262556 0.328995
5 0.00656559 0.00606988 0.314934 0.0754367 0.596994
5 0.0185279 0.0138208 0.0394726 0.0649674 0.863211
5 0.0104818 0.0122125 0.0418682 0.0646871 0.87075
5 0.00373469 0.00848196 0.025467 0.0434714 0.918845
5 0.00595286 0.00204435 0.00813959 0.0182888 0.965574
5 0.0233097 0.0205272 0.0391266 0.0615295 0.855507
5 0.0236232 0.0108009 0.0468403 0.0548538 0.863882
5 0.0178998 0.0156756 0.0452912 0.0606561 0.860477
5 0.00967849 0.00650505 0.185039 0.189227 0.609551
