labels 1 2 3 4 5
1 0.970215 0.00387151 0.0096462 0.00437262 0.0118948
1 0.920639 0.0164483 0.0164668 0.0228213 0.0236246
1 0.967408 0.0170888 0.000702616 0.00240567 0.0123948
1 0.91885 0.00977203 0.0243898 0.0224955 0.024493
1 0.915704 0.0187937 0.0214048 0.0190458 0.025052
1 0.915047 0.0100652 0.0257089 0.026474 0.0227052
1 0.92861 0.00676874 0.0198921 0.032689 0.0120406
1 0.928012 0.0218082 0.0230004 0.0160027 0.0111768
1 0.916442 0.0149237 0.0267619 0.020427 0.0214456
1 0.918074 0.00990128 0.0230876 0.0230253 0.0259122
1 0.91838 0.013378 0.0274348 0.0242902 0.0165174
1 0.953275 0.0065008 0.0169537 0.015601 0.00767008
1 0.935797 0.0188657 0.0160852 0.0185263 0.0107259
1 0.943481 0.0204614 0.00728192 0.0135379 0.0152379
1 0.971275 0.0175005 0.00471451 0.00374697 0.00276326
1 0.954714 0.0125229 0.013177 0.00974444 0.00984206
1 0.940975 0.0158439 0.0250325 0.00830105 0.00984791
1 0.946661 0.0197907 0.0125646 0.00810976 0.0128736
1 0.951511 0.0195797 0.00942607 0.0110352 0.00844754
1 0.921888 0.0158916 0.0268577 0.0222514 0.0131114
1 0.964696 0.0142626 0.00845492 0.00639557 0.0061908
1 0.922647 0.0215711 0.0126844 0.0190975 0.024
1 0.93705 0.0207134 0.0091285 0.0201664 0.0129418
1 0.928999 0.00922182 0.0255131 0.0203918 0.0158746
1 0.922473 0.0207482 0.0217092 0.02505 0.0100192
1 0.923511 0.0122766 0.016587 0.0273113 0.0203136
1 0.857347 0.11459 0.00977564 0.0139801 0.00430679
1 0.929996 0.0219781 0.0111419 0.018419 0.0184654
1 0.930582 0.0223261 0.0146051 0.0211778 0.0113084
1 0.951411 0.00301006 0.015809 0.0162723 0.0134977
1 0.913813 0.00660198 0.0162264 0.0457833 0.0175748
1 0.713351 0.0117707 0.0152955 0.0115301 0.248053
1 0.911555 0.00867487 0.0294984 0.0387528 0.0115193
1 0.985257 0.0023554 0.00570783 0.00273289 0.00394655
1 0.883359 0.00493385 0.00178144 0.00369733 0.106229
1 0.956036 0.00438523 0.0225583 0.0114176 0.0056032
1 0.896697 0.00901417 0.0180268 0.0607662 0.0154953
1 0.502143 0.00619005 0.0125438 0.0504407 0.428683
1 0.858158 0.0118543 0.107113 0.0155891 0.00728633
1 0.929558 0.00970556 0.0272036 0.023722 0.00981091
1 0.941175 0.00634941 0.0259755 0.0185778 0.00792189
1 0.939098 0.00444217 0.0150874 0.0159607 0.0254115
1 0.816974 0.0120363 0.0129066 0.0321738 0.125909
1 0.972852 0.00461833 0.0130236 0.00387801 0.00562821
1 0.966517 0.00461355 0.0169303 0.00606171 0.00587772
1 0.960002 0.00967663 0.0134775 0.00592449 0.0109192
1 0.936936 0.00585642 0.0265356 0.0148559 0.0158166
1 0.931725 0.0192096 0.012478 0.0227929 0.0137949
1 0.942909 0.0202786 0.0196727 0.0114784 0.00566154
1 0.930914 0.00455828 0.020801 0.0172265 0.0265003
1 0.933377 0.00778482 0.0243419 0.0154133 0.019083
1 0.923917 0.0201499 0.0156676 0.0189103 0.0213554
1 0.935964 0.00942823 0.00365552 0.0243078 0.0266447
1 0.939086 0.0128607 0.00677359 0.0270755 0.0142041
1 0.90613 0.00861342 0.00674858 0.0578254 0.0206824
1 0.829263 0.108334 0.0157779 0.0258016 0.0208234
1 0.941932 0.0166493 0.0251454 0.0106549 0.0056182
1 0.867705 0.0946899 0.010429 0.0148314 0.0123446
1 0.941673 0.0233969 0.0139653 0.0119611 0.00900379
1 0.937468 0.021625 0.00443861 0.0212319 0.0152362
1 0.817905 0.0145892 0.00990309 0.0898257 0.0677775
1 0.568809 0.35689 0.00911533 0.0404455 0.0247403
1 0.387899 0.145198 0.240904 0.166805 0.0591935
1 0.929375 0.0164948 0.0235976 0.0208596 0.00967338
1 0.920635 0.00947693 0.0144765 0.0294489 0.0259627
1 0.926025 0.0065444 0.0061603 0.0310963 0.0301745
1 0.966525 0.00726905 0.0109512 0.00856045 0.00669429
1 0.956037 0.0180296 0.00570845 0.00782069 0.0124041
1 0.945745 0.00973493 0.0181205 0.00883088 0.0175684
1 0.857492 0.0134857 0.00804027 0.0840862 0.0368955
1 0.957379 0.00698782 0.0244831 0.00792224 0.00322806
1 0.927066 0.0225012 0.00900536 0.0214227 0.0200047
1 0.654058 0.00428163 0.0500261 0.0163437 0.275291
1 0.932083 0.0103809 0.0268377 0.0163409 0.0143575
1 0.917299 0.0120745 0.0237724 0.0313307 0.0155239
1 0.939224 0.00773152 0.00777612 0.0192178 0.0260505
1 0.992665 0.00270835 0.000442377 0.00131929 0.00286472
1 0.94631 0.0197164 0.0139136 0.00730223 0.0127582
1 0.933842 0.0110868 0.0267251 0.0126701 0.015676
1 0.899059 0.0124591 0.0259594 0.0505403 0.0119823
1 0.922446 0.0173585 0.0269508 0.0210138 0.0122308
1 0.99025 0.00477203 0.00285852 0.00156711 0.000552059
1 0.924408 0.0055391 0.0257714 0.028025 0.0162563
1 0.943526 0.0041603 0.0252363 0.0174501 0.00962687
1 0.928552 0.0218318 0.0227688 0.0152833 0.0115643
1 0.967835 0.0068237 0.0136464 0.00713654 0.00455818
1 0.92314 0.0191517 0.0258598 0.018496 0.0133528
1 0.932794 0.00822424 0.0249996 0.0287399 0.00524204
1 0.941406 0.0206164 0.00580476 0.0163462 0.0158265
1 0.944501 0.0184784 0.0165238 0.0116219 0.00887533
1 0.713439 0.0223311 0.21884 0.0381762 0.00721346
1 0.934854 0.000890069 0.0133139 0.023868 0.0270745
1 0.811288 0.00452593 0.138142 0.0372883 0.00875592
1 0.930336 0.00280025 0.0141024 0.0257468 0.0270149
1 0.916979 0.00999435 0.0128051 0.034696 0.025526
1 0.796718 0.0149619 0.099989 0.0603784 0.0279524
1 0.947273 0.00526095 0.024734 0.0105467 0.0121855
1 0.899519 0.0258896 0.0153519 0.0443434 0.0148964
1 0.964901 0.0055781 0.0169668 0.00613147 0.00642276
1 0.934447 0.0110786 0.0259845 0.0167245 0.011765
1 0.959854 0.00147546 0.00668517 0.00826517 0.0237201
1 0.956687 0.010647 0.00849916 0.00984214 0.0143248
1 0.93241 0.0201965 0.0101426 0.0131292 0.0241213
1 0.963238 0.00713107 0.00460742 0.0047203 0.0203033
1 0.942154 0.0126145 0.0253958 0.00959472 0.0102405
1 0.982988 0.00716907 0.00143373 0.00178068 0.00662835
1 0.994497 0.000493277 0.00246125 0.0010691 0.00147913
1 0.969054 0.0063794 0.00530761 0.00366583 0.0155933
4 0.0651987 0.00519641 0.182822 0.513438 0.233345
1 0.753467 0.071203 0.0137347 0.0474153 0.11418
1 0.986958 0.00318499 0.00465257 0.00164313 0.00356161
1 0.932643 0.0212554 0.0226637 0.0116736 0.0117646
1 0.934438 0.0188826 0.0108503 0.0117756 0.0240534
1 0.931752 0.0216473 0.00789802 0.0116495 0.0270535
1 0.94646 0.0202853 0.0184045 0.00973998 0.00511022
1 0.938433 0.0104165 0.0251057 0.014877 0.0111679
1 0.923245 0.00630417 0.02524 0.0256607 0.0195503
1 0.919758 0.0109548 0.0146294 0.0343252 0.020333
1 0.933952 0.00379933 0.0269333 0.0213219 0.0139939
1 0.921157 0.00952066 0.0186281 0.0230603 0.0276343
1 0.937018 0.0208687 0.00891175 0.0133217 0.0198796
1 0.921957 0.0116837 0.0197641 0.0190416 0.0275537
1 0.918992 0.0147832 0.0275414 0.0194585 0.0192249
1 0.942883 0.0181587 0.0162764 0.0124659 0.0102159
1 0.922276 0.0172054 0.014271 0.0197469 0.026501
1 0.927998 0.0112199 0.0272537 0.0185754 0.0149533
2 0.0347184 0.538861 0.0759087 0.173763 0.176749
2 0.00138379 0.994236 0.00175844 0.00168144 0.0009404
2 0.00383025 0.985466 0.00178068 0.00417864 0.00474477
2 0.0130189 0.955754 0.0119072 0.0123663 0.00695347
2 0.0121962 0.958816 0.00944111 0.0103036 0.00924336
2 0.00845148 0.935556 0.0169963 0.0349325 0.00406422
2 0.0128291 0.956505 0.0119734 0.0115482 0.00714398
2 0.016124 0.959314 0.00365344 0.0106748 0.0102336
2 0.00486895 0.97526 0.012159 0.00574601 0.00196642
2 0.008385 0.981783 0.00369307 0.00245584 0.00368346
2 0.0133686 0.954181 0.0105827 0.013839 0.00802873
2 0.010932 0.969452 0.00753409 0.00561126 0.00647053
2 0.00466105 0.978652 0.00549982 0.00998894 0.00119854
2 0.00195598 0.987873 0.00634802 0.00316271 0.000660787
2 0.00807464 0.953554 0.0136172 0.019013 0.00574144
2 0.0116018 0.952786 0.0139765 0.012973 0.00866292
2 0.00139315 0.951818 0.0232563 0.0190305 0.00450173
2 0.0101934 0.981419 0.00480612 0.00233365 0.00124753
2 0.0075008 0.920386 0.0196181 0.0473876 0.00510742
2 0.00950835 0.987441 0.00140682 0.00089918 0.0007446
2 0.0124104 0.960604 0.00667568 0.0150187 0.00529104
2 0.00300146 0.971604 0.0136961 0.00935822 0.00233977
2 0.00627487 0.972603 0.0128637 0.0048188 0.00343951
2 0.0114654 0.967764 0.00973737 0.00655043 0.00448267
2 0.0109954 0.966466 0.0126788 0.00537686 0.00448286
2 0.00101601 0.996188 0.00142063 0.000840445 0.000534806
2 0.00354372 0.959845 0.0146623 0.0115449 0.0104043
2 0.00268229 0.983848 0.0110283 0.00145735 0.00098438
2 0.000419289 0.981756 0.0128746 0.00452209 0.000427559
2 0.00242257 0.978126 0.0117075 0.00497161 0.00277253
1 0.4779 0.260219 0.0122016 0.0581323 0.191547
2 0.0103279 0.958436 0.0102078 0.013074 0.00795406
2 0.0162029 0.89249 0.0175983 0.0304546 0.0432538
2 0.00996394 0.966373 0.00298523 0.0186214 0.00205684
2 0.00336655 0.95966 0.014406 0.0171094 0.00545779
2 0.0119772 0.961365 0.00909328 0.00655269 0.0110122
2 0.011245 0.968254 0.00520175 0.00526933 0.0100301
2 0.00334512 0.977416 0.0118341 0.0026417 0.00476295
2 0.00969808 0.983354 0.00118636 0.00137038 0.00439083
2 0.011239 0.971754 0.0082241 0.0070879 0.00169534
2 0.0149235 0.962672 0.010567 0.00685737 0.00498022
2 0.119756 0.857094 0.0037327 0.00859561 0.0108223
2 0.0095535 0.939021 0.0113368 0.02962 0.0104682
2 0.0198424 0.942616 0.00864474 0.0125214 0.0163757
2 0.0076564 0.826989 0.106731 0.0319156 0.0267078
2 0.0112637 0.971632 0.0102418 0.00217259 0.00469012
2 0.00145349 0.994414 0.000860825 0.00136481 0.00190652
2 0.00113217 0.981469 0.00421696 0.0109846 0.00219753
2 0.0109011 0.967405 0.00439031 0.0105786 0.00672532
2 0.00277201 0.972989 0.0042068 0.0120202 0.00801215
2 0.00201943 0.970292 0.0111234 0.0158303 0.000735019
2 0.00214588 0.983143 0.00216927 0.0114806 0.00106163
2 0.00675518 0.988521 0.00307593 0.000943678 0.000704647
4 0.166665 0.236952 0.0137062 0.381059 0.201619
2 0.00538899 0.985691 0.00397417 0.00264466 0.00230077
2 0.0108094 0.95428 0.0141426 0.0158755 0.00489286
2 0.0007504 0.981113 0.0118607 0.00532867 0.000947478
2 0.0041139 0.982875 0.00661669 0.00430044 0.00209362
2 0.000631647 0.995199 0.00197697 0.00109486 0.00109778
2 0.0070959 0.961934 0.0144464 0.0107133 0.00581079
2 0.0117826 0.949241 0.0108653 0.0183422 0.00976926
2 0.0124386 0.761042 0.0385124 0.0922187 0.0957879
2 0.00396015 0.966134 0.00526153 0.01933 0.00531449
2 0.00388306 0.983612 0.00449979 0.00464628 0.00335885
2 0.0111374 0.962726 0.0133754 0.0103426 0.00241861
2 0.0108297 0.9583 0.00368144 0.018872 0.00831666
2 0.00203299 0.987636 0.00706324 0.00221062 0.00105691
2 0.0108147 0.963695 0.0053482 0.00769529 0.0124466
2 0.00455002 0.973794 0.00229711 0.00776593 0.0115934
2 0.0102908 0.96677 0.0132421 0.00665421 0.00304307
2 0.00250695 0.992028 0.00227115 0.00185365 0.00134071
5 0.198933 0.131876 0.0140661 0.275254 0.379871
2 7.38762e-06 0.997449 0.00185887 0.000319436 0.000365411
2 0.00184875 0.96093 0.0121266 0.0197042 0.00539004
2 0.00698814 0.962116 0.0130123 0.0112987 0.00658522
2 0.00565195 0.963759 0.0171891 0.0105203 0.00287989
2 0.0069255 0.950553 0.0140296 0.0182779 0.0102137
2 0.00787532 0.964474 0.0144326 0.0116102 0.00160821
2 0.00899355 0.976236 0.00561087 0.00711441 0.00204494
2 0.0066158 0.971856 0.0133015 0.00309302 0.00513413
2 0.00647098 0.988149 0.00247519 0.00227329 0.000631315
2 0.109824 0.868161 0.0080531 0.00957972 0.00438217
2 0.00360991 0.9909 0.00118036 0.00237339 0.00193594
2 1.57978e-05 0.994549 0.00434676 0.000965721 0.000122455
2 0.00999882 0.980504 0.00658846 0.00254585 0.000362652
2 0.00947084 0.986483 0.00232376 0.00105065 0.000671674
2 0.0123467 0.962642 0.0101231 0.00959603 0.00529185
2 0.000590067 0.959848 0.0155898 0.0193356 0.00463696
2 0.00991214 0.983698 0.00202724 0.00276951 0.00159274
2 0.00920012 0.952174 0.0137748 0.0169524 0.00789862
2 0.00250647 0.895244 0.0813347 0.0167526 0.00416263
2 0.000488783 0.966266 0.0128563 0.0188506 0.00153872
2 0.0101286 0.978765 0.00343345 0.00278426 0.00488879
2 0.00354559 0.714986 0.231172 0.0420076 0.00828898
2 0.00213824 0.974576 0.0128717 0.00657296 0.00384105
2 0.0120284 0.965148 0.0101076 0.00889271 0.00382349
2 0.00381104 0.983005 0.00549489 0.00266121 0.00502815
2 0.00768253 0.981914 0.00233757 0.00600906 0.00205682
2 0.0009866 0.994556 0.00179498 0.00196983 0.000692632
2 0.012044 0.964496 0.00461705 0.00916143 0.00968135
2 0.00364512 0.972895 0.0117062 0.00566913 0.00608479
2 0.0305719 0.923539 0.0023078 0.00880261 0.0347784
2 0.000952765 0.966455 0.0126883 0.0189881 0.000915789
2 0.0137212 0.967305 0.00526985 0.0109472 0.0027569
2 5.88653e-06 0.996487 0.00101508 0.002255 0.000236841
2 0.00978044 0.955286 0.0103087 0.0196121 0.00501268
2 0.00140211 0.993211 0.00155218 0.00276849 0.00106657
2 0.0127012 0.960765 0.00712985 0.0138613 0.00554222
2 1.52789e-05 0.993053 0.00321786 0.00338175 0.000332579
2 0.0416174 0.831111 0.0681251 0.0521592 0.00698728
2 0.00136982 0.994019 0.00187548 0.00146086 0.00127518
2 0.0105805 0.957213 0.00456933 0.0186463 0.00899074
2 0.00299441 0.986655 0.00857121 0.000851836 0.000927955
2 0.0146133 0.912269 0.00677927 0.0475127 0.018826
2 0.011469 0.969678 0.0106979 0.00549176 0.00266368
2 0.0072567 0.963741 0.0129395 0.00999637 0.00606644
2 0.00332744 0.99052 0.00265756 0.00214063 0.00135438
2 0.0317971 0.948063 0.00456429 0.00867533 0.00690021
2 0.0119159 0.963885 0.00974821 0.0102598 0.00419113
2 0.0119142 0.966633 0.00251531 0.00930368 0.00963376
2 0.0111647 0.967578 0.00773882 0.00869696 0.00482127
2 0.0124799 0.959858 0.0118069 0.00953322 0.00632227
2 0.00950687 0.975917 0.00557847 0.00432203 0.00467594
2 0.0108993 0.967431 0.00491401 0.0109114 0.00584424
2 0.00878466 0.952319 0.0137127 0.015859 0.00932422
2 0.00218002 0.982395 0.00673482 0.00470878 0.00398182
3 0.0131867 0.0424294 0.754183 0.147114 0.0430872
3 0.00424884 0.00615013 0.888626 0.0935229 0.00745229
3 0.0107584 0.0224487 0.875314 0.0780002 0.0134786
3 0.0284947 0.00639543 0.862314 0.0791608 0.0236355
3 0.0664005 0.00896745 0.544687 0.368836 0.0111085
3 0.0110205 0.000535024 0.716118 0.260012 0.0123139
3 0.00889187 0.00326623 0.807548 0.167059 0.0132345
3 0.00462376 0.0130322 0.873281 0.0933854 0.015678
3 0.0277121 0.0115488 0.889231 0.0606005 0.0109076
3 0.0243817 0.0246012 0.87085 0.0616303 0.0185369
3 0.00859267 0.0113266 0.863216 0.0916227 0.0252421
3 0.00796317 0.00357293 0.873302 0.07676 0.0384021
3 0.00478379 0.00215326 0.8991 0.0786565 0.0153063
4 0.00546943 0.00198687 0.431101 0.552178 0.00926444
3 0.00104111 0.000929168 0.896573 0.0957435 0.00571306
3 0.0165746 0.00436584 0.871247 0.0909294 0.0168832
3 0.00976412 0.000713003 0.880084 0.0948476 0.0145909
3 0.00611239 0.00173968 0.895324 0.0844396 0.0123843
3 0.00443532 0.000727442 0.809451 0.170999 0.0143872
3 0.0091524 0.00254335 0.873987 0.0941597 0.0201576
3 0.00155635 0.00145707 0.949155 0.0410831 0.00674889
3 0.0144187 0.00764196 0.898787 0.0708113 0.00834073
3 0.00222347 0.00551814 0.920905 0.0564554 0.0148983
3 0.00400686 0.0073799 0.888317 0.0947258 0.00557002
3 0.00980656 0.0239588 0.868428 0.082393 0.0154134
3 0.0248537 0.0194203 0.878558 0.0652311 0.0119369
3 0.0192784 0.0195153 0.866414 0.0574433 0.0373493
3 0.0259948 0.0082404 0.871961 0.0834458 0.0103584
3 0.00716156 0.0167823 0.850418 0.0958924 0.0297462
3 0.0262415 0.004177 0.862131 0.0581578 0.0492926
4 0.00144772 0.00290847 0.415668 0.550462 0.0295138
3 0.00588103 0.0034707 0.85933 0.102588 0.0287305
3 0.115447 0.0418673 0.365098 0.306271 0.171317
3 0.00415325 0.000980725 0.939007 0.0516304 0.00422813
3 0.0100353 0.00201903 0.892719 0.087692 0.00753522
3 0.00362629 0.0199045 0.873453 0.0658618 0.0371547
3 0.00629583 0.00465681 0.616682 0.35647 0.0158953
3 0.00741785 0.000555804 0.876799 0.0941125 0.0211147
3 0.0212033 0.00607366 0.877609 0.0897716 0.00534237
3 0.388275 0.0145322 0.484743 0.0452686 0.0671811
3 0.0269209 0.00837007 0.862351 0.0699804 0.0323778
3 0.0103276 0.000338393 0.887184 0.0933507 0.00879953
4 0.00509893 0.00603983 0.317721 0.569087 0.102053
3 0.0123761 0.000786776 0.863599 0.0856352 0.0376025
3 0.00384785 0.0239026 0.871296 0.0812731 0.0196805
3 0.0298286 0.011769 0.835735 0.111442 0.0112252
3 0.00763862 0.00260086 0.804479 0.0730852 0.112197
3 0.00512359 0.0029282 0.745908 0.233639 0.0124012
3 0.00400888 0.00027479 0.944914 0.0297526 0.0210497
3 0.00414284 0.00354727 0.686169 0.294092 0.012049
3 0.0650303 0.00426046 0.779489 0.0451223 0.106098
3 0.0057538 0.0225137 0.895371 0.0581129 0.0182487
3 0.013854 0.00652737 0.895918 0.064643 0.0190578
3 0.0121309 0.00467111 0.885158 0.0831086 0.0149312
3 0.0132199 0.00589752 0.869762 0.0925277 0.0185926
3 0.0229986 0.0123395 0.854231 0.0800634 0.0303677
3 0.00578265 0.0558262 0.918631 0.0176649 0.00209556
3 0.00543385 0.0214939 0.866509 0.0830616 0.0235014
3 0.00673328 0.0252571 0.882524 0.0557302 0.0297555
3 0.01488 0.0092498 0.881618 0.057233 0.0370189
3 0.0180319 0.00838171 0.85842 0.0870516 0.0281148
3 0.0080959 0.00265715 0.628133 0.15925 0.201863
3 0.00678009 0.0139715 0.800652 0.160725 0.0178712
3 0.0163586 0.00595158 0.870125 0.090045 0.0175199
3 0.00342831 0.030499 0.889887 0.0698133 0.00637239
3 0.0140494 0.00468339 0.791285 0.139933 0.0500496
3 0.00337245 0.0208311 0.903845 0.0555545 0.0163974
3 0.00792574 0.00519321 0.870653 0.0922382 0.0239898
3 0.00604896 0.0311622 0.890652 0.0503885 0.0217482
3 0.0676486 0.0237554 0.722205 0.169511 0.0168798
4 0.261147 0.043254 0.201077 0.440464 0.0540574
3 0.0104537 0.022336 0.886512 0.0619575 0.0187406
3 0.00163137 9.20913e-05 0.883645 0.0938196 0.0208118
3 0.00366251 0.0187389 0.644309 0.183458 0.149832
3 0.0168998 0.00164502 0.885901 0.083877 0.011677
3 0.00698039 0.00560593 0.889238 0.0933797 0.0047964
3 0.0113965 0.00305017 0.870094 0.0933756 0.0220836
3 0.0104624 0.00191494 0.873098 0.0923958 0.0221291
3 0.00094229 0.00699573 0.917315 0.0585229 0.0162243
3 0.0056471 0.0216783 0.862516 0.0840695 0.0260893
3 0.0213084 0.00847854 0.917832 0.0388513 0.0135293
3 0.0076046 0.00667569 0.934069 0.04211 0.00954052
3 0.00140132 0.0068348 0.891291 0.0943427 0.0061299
3 0.00111006 0.0195141 0.908875 0.0639963 0.00650429
3 0.00128866 0.00138398 0.895733 0.0955855 0.00600886
3 0.00224501 0.0071059 0.860636 0.117802 0.0122112
3 0.00999057 0.000497276 0.832993 0.138033 0.018486
3 0.00980275 0.00410296 0.881166 0.0939801 0.0109477
3 0.00605863 0.00544596 0.877247 0.0947027 0.0165456
3 0.000962507 0.00818589 0.910859 0.0768477 0.00314518
3 0.0361153 0.0038938 0.670171 0.209731 0.0800898
3 0.0206858 0.00103513 0.843804 0.107229 0.0272457
3 0.00360805 0.00246891 0.481607 0.445631 0.066685
3 0.0701436 0.0239992 0.479673 0.413844 0.0123404
3 0.0105089 0.0219556 0.638147 0.311622 0.0177661
3 0.00319286 0.00027489 0.88887 0.0952934 0.0123692
3 0.00686622 0.00278783 0.784721 0.179265 0.0263598
2 0.0487067 0.670675 0.134318 0.134321 0.0119793
3 0.0171998 0.00119225 0.87737 0.0902166 0.0140217
3 0.00465634 0.00343982 0.918494 0.0580464 0.0153634
3 0.0170268 0.00158545 0.752827 0.103772 0.124789
3 0.00116038 0.0179734 0.90557 0.0544906 0.0208053
3 0.00203352 0.000490295 0.966955 0.0284195 0.00210165
5 0.0111611 0.00384963 0.113849 0.234446 0.636693
3 0.002519 0.00137143 0.896012 0.0955535 0.00454416
3 0.0271953 0.00389084 0.869344 0.059402 0.0401682
3 0.00284655 0.000341909 0.951252 0.0327565 0.0128025
3 0.00154361 0.000428405 0.967906 0.0273748 0.00274673
3 0.00216619 0.00196284 0.872408 0.112076 0.0113868
3 0.0059943 0.00391178 0.876588 0.0945774 0.0189288
3 0.00135685 0.000638265 0.778358 0.180807 0.0388401
3 0.0209573 0.00872266 0.924813 0.0384604 0.00704713
3 0.0129009 0.00687805 0.824242 0.121047 0.0349325
3 0.00559466 0.019733 0.851613 0.0822827 0.0407767
3 0.0151768 0.0174408 0.73049 0.201245 0.0356477
3 0.00139893 0.000344757 0.907073 0.0787194 0.0124637
3 0.0127444 0.00533961 0.893925 0.0569446 0.0310464
3 0.0212081 0.00497021 0.878796 0.0901191 0.00490625
3 0.0107308 0.00603926 0.380956 0.362459 0.239815
3 0.0313834 0.0119644 0.671532 0.214982 0.0701379
3 0.0052944 0.0112798 0.8707 0.0931183 0.0196076
3 0.0194287 0.00391876 0.866364 0.0869228 0.0233652
3 0.0292102 0.0117889 0.877239 0.0637569 0.0180044
3 0.0239354 0.0114847 0.899788 0.0453463 0.0194452
3 0.0144084 0.013138 0.862211 0.0906523 0.0195908
3 0.029611 0.0144735 0.864844 0.0643345 0.0267372
4 0.0338144 0.00536855 0.0916023 0.812413 0.0568021
4 0.0109502 0.0296602 0.13934 0.76963 0.0504192
4 0.0216897 0.0176585 0.106499 0.771043 0.0831096
4 0.0274874 0.0423231 0.128318 0.765453 0.0364183
4 0.0327793 0.0139838 0.0542089 0.837182 0.0618459
4 0.0550493 0.015144 0.0594028 0.836203 0.034201
4 0.0108415 0.0132093 0.0809683 0.707057 0.187924
4 0.0210656 0.032398 0.11411 0.797733 0.034693
4 0.00458024 0.0164437 0.117542 0.805466 0.0559686
4 0.0354912 0.0266286 0.0700708 0.807409 0.0604
4 0.0160948 0.0294529 0.10807 0.806485 0.039898
4 0.0354627 0.00735357 0.120253 0.810193 0.0267372
4 0.00451895 0.000571009 0.062119 0.925379 0.00741209
4 0.0129076 0.00258606 0.123661 0.818067 0.0427793
4 0.00173288 0.00109599 0.109332 0.827749 0.0600905
4 0.00472271 0.000308925 0.0893555 0.868748 0.0368647
4 0.0126585 0.00718239 0.126617 0.840368 0.0131744
4 0.0209918 0.00722096 0.125829 0.821334 0.0246247
4 0.00785792 0.00674188 0.0651886 0.635371 0.28484
4 0.0211037 0.0156085 0.0999885 0.803084 0.0602152
4 0.0168243 0.00417791 0.424971 0.509271 0.044756
4 0.0316725 0.0111052 0.122735 0.810963 0.0235238
4 0.00269688 0.000182553 0.176257 0.810736 0.0101276
4 0.0186668 0.00272695 0.163538 0.771347 0.0437206
4 0.00551751 0.000180126 0.125008 0.827872 0.0414221
4 0.0213223 0.00742995 0.125534 0.817662 0.0280517
4 0.0298702 0.00843582 0.111927 0.814568 0.0351992
4 0.00858913 0.00532386 0.0423455 0.906464 0.0372779
4 0.0248856 0.0116804 0.310839 0.615879 0.0367163
4 0.00341719 0.000842063 0.145058 0.81678 0.033902
4 0.110761 0.00779757 0.0368321 0.509937 0.334673
4 0.00527079 0.0010318 0.125356 0.828168 0.0401732
4 0.0211848 0.00227123 0.0500831 0.797316 0.129145
4 0.0398984 0.0028252 0.117137 0.819482 0.020657
4 0.00664189 0.0106762 0.0369776 0.901421 0.0442832
4 0.0389943 0.0350209 0.052624 0.572962 0.300399
4 0.00588974 0.00108893 0.334472 0.632668 0.0258815
4 0.00597246 0.00292154 0.127037 0.849849 0.0142194
4 0.0184648 0.00512991 0.120257 0.808072 0.0480764
4 0.0203637 0.00302668 0.338763 0.508822 0.129025
4 0.00454071 0.00381622 0.124349 0.825579 0.0417144
4 0.00536968 0.00129941 0.22891 0.726515 0.0379062
4 0.00777265 0.00334269 0.108883 0.870083 0.00991899
4 0.00494059 0.00183986 0.124941 0.826823 0.0414557
4 0.00109207 0.000194258 0.11249 0.802186 0.084038
4 0.013631 0.00269173 0.118239 0.831361 0.0340777
4 0.00647444 0.0017584 0.127062 0.833991 0.030714
4 0.00541966 0.000748075 0.126531 0.832059 0.0352426
4 0.00413717 0.00487484 0.19291 0.737545 0.0605329
4 0.0071461 0.00124075 0.178748 0.785346 0.0275188
3 0.0113674 0.00837479 0.479566 0.453507 0.0471852
4 0.0211619 0.00582626 0.126364 0.823985 0.0226622
4 0.0114228 0.0331327 0.0523186 0.863297 0.0398294
4 0.00889797 0.0190818 0.0195365 0.883841 0.068643
4 0.0267706 0.0400496 0.0681243 0.827974 0.0370812
4 0.00838677 0.0395967 0.0997315 0.808033 0.0442523
4 0.0196756 0.020841 0.122791 0.803268 0.0334245
3 0.0054332 0.00731566 0.598862 0.370213 0.0181762
4 0.0361147 0.0352007 0.10155 0.807685 0.01945
4 0.0213969 0.0392122 0.0594962 0.821413 0.0584815
4 0.019178 0.00960884 0.15375 0.794691 0.0227721
4 0.0215587 0.00302684 0.124443 0.83559 0.0153815
4 0.0249251 0.0346079 0.0550618 0.840726 0.0446797
4 0.163398 0.160519 0.0791458 0.516081 0.0808564
4 0.0049178 0.02455 0.122525 0.821997 0.0260097
4 0.0114341 0.00950079 0.0826946 0.827162 0.069209
4 0.0478157 0.0148585 0.0940793 0.811893 0.0313539
4 0.00922638 0.00119872 0.124461 0.842118 0.0229955
4 0.0157509 0.0046569 0.0228161 0.901408 0.0553678
4 0.015031 0.0115757 0.125694 0.832843 0.0148569
4 0.0133071 0.0197218 0.158208 0.638249 0.170514
4 0.017706 0.0225274 0.0965563 0.814634 0.0485759
5 0.0112147 0.000753627 0.0859018 0.344457 0.557673
4 0.0181466 0.0683531 0.0471045 0.832728 0.033668
4 0.0162514 0.00602981 0.118154 0.80869 0.0508752
4 0.0482507 0.009253 0.100225 0.814942 0.02733
4 0.0273066 0.0109405 0.123521 0.812397 0.025835
4 0.109206 0.0035539 0.0675531 0.79139 0.0282977
4 0.0111245 0.0157098 0.111527 0.805595 0.0560439
4 0.0146977 0.0401968 0.0992065 0.833115 0.0127844
4 0.0111413 0.0090117 0.217137 0.674373 0.0883368
4 0.00809557 0.028311 0.146918 0.808128 0.00854735
3 0.00179445 0.00439445 0.684965 0.297203 0.0116428
4 0.0110012 0.00699014 0.198018 0.757324 0.0266664
4 0.0460001 0.00324211 0.105397 0.826441 0.0189195
4 0.00319828 0.000263026 0.0810087 0.905371 0.0101593
4 0.0043344 0.000183388 0.0704915 0.877405 0.0475861
4 0.00741629 0.00423742 0.127062 0.845098 0.0161871
4 0.00508814 0.00990728 0.0665449 0.861624 0.0568361
4 0.00321357 0.00253755 0.0743968 0.863125 0.0567275
4 0.0166185 0.00837177 0.0696846 0.805394 0.0999312
4 0.00811587 0.0116993 0.0287634 0.897411 0.0540106
4 0.0131816 0.0237423 0.0993911 0.802892 0.0607933
4 0.165555 0.0215213 0.0383717 0.647045 0.127507
4 0.0145223 0.00134643 0.126048 0.824578 0.0335061
4 0.00722174 0.00555131 0.100901 0.824272 0.0620536
5 0.0125164 0.00144618 0.0318329 0.232346 0.721859
4 0.0283615 0.0137623 0.101588 0.809647 0.0466412
4 0.00449051 0.0526375 0.0961106 0.799514 0.0472477
4 0.00866691 0.00458698 0.126947 0.84534 0.01446
4 0.00859569 0.00995967 0.126586 0.844266 0.0105926
4 0.146266 0.0342602 0.309485 0.457905 0.0520848
4 0.0196823 0.00970022 0.119739 0.808352 0.042526
4 0.0166368 0.0250633 0.0387778 0.865977 0.0535453
4 0.0138493 0.0760924 0.0730409 0.791308 0.0457092
4 0.0181433 0.00890735 0.115269 0.806349 0.0513309
4 0.0127762 0.0174084 0.108239 0.829717 0.0318597
4 0.012995 0.117128 0.222389 0.599654 0.0478341
4 0.0290687 0.0126149 0.0312849 0.870728 0.0563038
5 0.0369621 0.00939189 0.0283516 0.436374 0.488921
4 0.00212142 0.00107517 0.104318 0.564521 0.327964
4 0.0036436 0.00911529 0.275405 0.68514 0.0266965
4 0.0168215 0.0613216 0.085844 0.795607 0.0404064
4 0.0185007 0.00110871 0.125813 0.822386 0.0321917
4 0.0156785 0.00878313 0.122026 0.808939 0.0445727
4 0.00127322 0.000259786 0.12736 0.836756 0.0343504
5 0.00998973 0.0768389 0.0944743 0.336797 0.4819
4 0.0379428 0.00662371 0.104534 0.809138 0.0417618
4 0.00685151 0.00151926 0.126275 0.850362 0.0149919
4 0.0489345 0.0142772 0.0887743 0.818767 0.0292473
4 0.0217848 0.0423711 0.0429096 0.829463 0.0634712
4 0.0141777 0.0179484 0.107747 0.805398 0.0547288
4 0.0237905 0.0238613 0.0892493 0.753867 0.109232
4 0.0488555 0.0135341 0.0929686 0.807511 0.0371311
4 0.0471417 0.0271148 0.0850835 0.802261 0.0383993
4 0.0108363 0.00781527 0.119113 0.811712 0.050523
5 0.0100678 0.0260271 0.0455822 0.0347609 0.883562
5 0.004242 0.00209946 0.0587285 0.0302894 0.904641
5 0.050673 0.00463043 0.00394314 0.0353503 0.905403
5 0.0102757 0.0194271 0.123039 0.288712 0.558545
5 0.0333378 0.00908379 0.0381472 0.041037 0.878394
5 0.0224097 0.01397 0.0228626 0.034046 0.906712
5 0.0311905 0.0139866 0.0303007 0.0439059 0.880616
5 0.0263894 0.00124212 0.0272323 0.0219724 0.923164
5 0.0230058 0.00445868 0.0513147 0.0451644 0.876056
5 0.0263987 0.0103135 0.0192989 0.0461964 0.897792
5 0.0644333 0.0220342 0.0313678 0.0851513 0.797013
5 0.0392567 0.00951478 0.0260143 0.0373254 0.887889
5 0.000571322 0.000323728 0.00863563 0.00826157 0.982208
5 0.0136205 0.0161372 0.0582205 0.0311294 0.880892
5 0.00699578 0.00196938 0.050489 0.0568337 0.883712
5 0.00977303 0.0195553 0.0527118 0.0176652 0.900295
5 0.0325888 0.00720945 0.0454043 0.0403027 0.874495
5 0.0125478 0.00854445 0.0583098 0.0264265 0.894171
5 0.00942343 0.0134651 0.0586152 0.0257716 0.892725
5 0.0251474 0.00164385 0.0212654 0.0179109 0.934032
5 0.0300956 0.00677227 0.0524201 0.0367834 0.873929
5 0.0187137 0.00263665 0.0177757 0.0284958 0.932378
5 0.00581275 0.00183589 0.00763915 0.0098269 0.974885
5 0.00423677 0.00339685 0.00796115 0.0115848 0.97282
5 0.0335832 0.00904211 0.0334191 0.0286145 0.895341
5 0.00972623 0.0118017 0.0388609 0.0494099 0.890201
5 0.0176189 0.00438125 0.0552751 0.042972 0.879753
5 0.027498 0.0106358 0.00786043 0.00793942 0.946066
5 0.0323384 0.00582256 0.0248771 0.0395406 0.897421
5 0.00434973 0.00247124 0.00356518 0.00533144 0.984282
5 0.0522058 0.00995727 0.00922356 0.0770632 0.85155
5 0.148009 0.0565616 0.0401629 0.133074 0.622193
5 0.0331655 0.00266804 0.022113 0.0330536 0.909
5 0.0138582 0.00457625 0.0319261 0.048317 0.901323
5 0.0179655 0.0234511 0.0527312 0.0315715 0.874281
5 0.00892294 0.000386077 0.028571 0.0478142 0.914306
5 0.0122097 0.00112489 0.00634892 0.0137429 0.966574
5 0.02567 0.00887633 0.0385932 0.0484543 0.878406
5 0.0092207 0.00128597 0.0392829 0.0535726 0.896638
5 0.00453053 0.000420326 0.0338315 0.0483259 0.912892
5 0.00219772 0.0014752 0.0387557 0.0577479 0.899824
5 0.0904366 0.0172765 0.0112371 0.0126593 0.86839
5 0.021037 0.00275202 0.0140281 0.0157406 0.946442
5 0.00895859 0.00198433 0.0587867 0.0277304 0.90254
5 0.00317993 0.000303796 0.0234187 0.0470268 0.926071
5 0.122783 0.0562733 0.128058 0.0436207 0.649265
5 0.00507865 0.000399335 0.093784 0.0562585 0.844479
5 0.00535574 0.000493389 0.0483208 0.0478522 0.897978
5 0.00617513 0.000538935 0.00844943 0.00561964 0.979217
5 0.00505746 0.000917691 0.0398743 0.0241893 0.929961
5 0.0100756 0.000822427 0.0250769 0.0146312 0.949394
5 0.0235994 0.00875636 0.0553138 0.0354775 0.876853
5 0.0173017 0.00515174 0.044296 0.0444415 0.888809
5 0.00423352 0.00554514 0.0166879 0.0461802 0.927353
5 0.0618656 0.0180189 0.0230721 0.0258318 0.871212
5 0.078874 0.016074 0.0862772 0.0566578 0.762117
5 0.0209247 0.0128153 0.0524829 0.040071 0.873706
5 0.070318 0.0133558 0.0389057 0.0982454 0.779175
5 0.0163264 0.017073 0.0244924 0.0479459 0.894162
5 0.00476473 0.0210724 0.0516103 0.0394169 0.883136
5 0.0151931 0.0156251 0.0168852 0.067022 0.885275
5 0.0141666 0.0101626 0.0425667 0.0484141 0.88469
5 0.0127795 0.00879361 0.179772 0.0334663 0.765189
5 0.0203399 0.0214235 0.035876 0.0468456 0.875515
5 0.0270678 0.00991378 0.0399484 0.0454773 0.877593
5 0.0237981 0.0039289 0.0196024 0.0470117 0.905659
5 0.0198882 0.0271735 0.0222087 0.2453 0.685429
5 0.00559498 0.000589932 0.0224674 0.00560597 0.965742
5 0.0126955 0.0239999 0.0368308 0.0223998 0.904074
4 0.301811 0.0245847 0.081608 0.302855 0.289142
5 0.0164337 0.0160496 0.0232284 0.0489533 0.895335
5 0.0237786 0.00802377 0.0708416 0.282975 0.614381
5 0.0104719 0.00509997 0.0581656 0.0367188 0.889544
5 0.116001 0.00719467 0.0666132 0.0965904 0.713601
5 0.0128005 0.0208835 0.0382996 0.116715 0.811302
5 0.0302131 0.0100855 0.0086681 0.0402334 0.9108
5 0.00310041 0.000205363 0.02703 0.360038 0.609627
5 0.0104628 0.00671292 0.0579119 0.0339317 0.890981
5 0.0194725 0.000416857 0.0169378 0.0189076 0.944265
5 0.00271691 0.00172279 0.0103494 0.00803251 0.977178
5 0.00298648 0.000605838 0.041578 0.129645 0.825184
5 0.00271346 0.000322454 0.0379507 0.0490232 0.90999
5 0.0224089 0.0123894 0.0200437 0.012668 0.93249
5 0.0111198 0.0143949 0.0365083 0.04948 0.888497
5 0.00637975 0.00229856 0.0094875 0.0254207 0.956414
5 0.0291109 0.00121341 0.0482617 0.0152016 0.906212
5 0.00119062 0.000296178 0.0129247 0.0169099 0.968679
5 0.00788604 0.000442866 0.0371108 0.0824433 0.872117
5 0.00209204 0.00655466 0.0511931 0.270449 0.669711
5 0.0117025 0.000664964 0.0289298 0.048017 0.910686
5 0.00978402 0.000323747 0.0497796 0.0476326 0.89248
5 0.00178105 0.00099557 0.0437578 0.0490202 0.904445
5 0.00244776 0.00110448 0.0369031 0.0173381 0.942207
5 0.00661744 0.000876616 0.0429322 0.0471491 0.902425
5 0.0150729 0.00393997 0.0472837 0.0487448 0.884959
4 0.0291066 0.0309315 0.0142887 0.569532 0.356142
5 0.0193443 0.00752128 0.0336136 0.0330054 0.906515
5 0.00987488 0.00506617 0.0187964 0.0952026 0.87106
5 0.0100434 0.00406723 0.0462109 0.0360241 0.903654
5 0.00412844 0.000484531 0.0375351 0.0406244 0.917228
5 0.0307594 0.00303015 0.00799251 0.0276416 0.930576
5 0.00925624 0.00211086 0.0832275 0.0542996 0.851106
5 0.0107979 0.0073696 0.0551231 0.026051 0.900658
5 0.0130357 0.00703756 0.0304614 0.0473432 0.902122
5 0.0093216 0.000959802 0.0126017 0.0618553 0.915262
5 0.00155099 0.00149868 0.0320278 0.0714166 0.893506
5 0.00388453 0.00472539 0.029304 0.0482543 0.913832
5 0.00387017 0.00336365 0.0309795 0.239032 0.722755
5 0.00718225 0.0022719 0.0307857 0.0477595 0.912001
5 0.0150249 0.00649682 0.105496 0.0848416 0.78814
5 0.0144343 0.0235084 0.0331826 0.0269215 0.901953
5 0.0285599 0.0110651 0.0219445 0.103703 0.834728
5 0.00919435 0.078903 0.0194843 0.0321695 0.860249
5 0.015947 0.0231854 0.0416341 0.0109256 0.908308
5 0.00690075 0.00971845 0.062872 0.106191 0.814318
5 0.000491859 0.0017615 0.0293863 0.0455659 0.922794
4 0.0422305 0.150394 0.0388818 0.392934 0.375559
5 0.0332825 0.0102859 0.0289958 0.0394075 0.888028
5 0.00638767 0.00362516 0.043074 0.0679618 0.878951
5 0.0335161 0.00631555 0.0197938 0.0454506 0.894924
5 0.0113421 0.00545936 0.0623822 0.0480034 0.872813
5 0.0156325 0.00873266 0.0308553 0.0406755 0.904104
5 0.00436945 0.0079589 0.00489966 0.00579566 0.976976
5 0.0351463 0.00516815 0.0144414 0.0791727 0.866071
5 0.00504046 0.00517605 0.0459407 0.0484973 0.895345
5 0.01438 0.00932268 0.0558826 0.0421774 0.878237
